256.0 348.6
255.36 346.2
252.8 343.2
250.88 339.0
250.24 334.2
247.04 328.2
245.12 321.6
243.84 315.0
242.56 309.6
240.64 303.0
238.72 289.8
237.44 283.8
237.44 278.4
237.44 273.0
236.8 267.6
236.8 261.0
236.8 256.2
236.8 250.2
236.8 246.0
236.8 241.8
236.8 238.2
236.8 234.6
238.72 232.2
240.0 229.8
240.64 228.0
241.92 227.4
242.56 226.2
243.84 225.0
245.12 224.4
245.76 223.8
247.04 223.2
247.68 222.60000000000002
248.96 221.39999999999998
250.24 221.39999999999998
250.88 220.8
252.8 220.8
256.0 220.2
257.92 220.2
261.12 219.60000000000002
265.6 219.60000000000002
270.72 219.60000000000002
276.48 219.60000000000002
284.8 219.60000000000002
291.84 220.2
302.08 221.39999999999998
311.68 223.2
321.92 224.4
330.88 226.2
339.84 228.6
349.44 231.0
358.4 234.0
366.72 235.8
373.76 238.2
380.16 239.4
387.2 241.8
391.04 242.4
396.16 244.8
400.64 246.0
402.56 246.6
406.4 248.4
407.68 249.0
408.96 249.6

347.52 285.6
348.16 285.6
349.44 285.6
350.08 285.6
351.36 285.6
353.28 285.6
355.2 285.6
357.76 285.6
360.32 285.6
362.88 285.6
364.8 285.6
368.0 285.6
369.92 285.6
373.12 285.6
375.04 285.6
376.96 285.6
380.8 285.6
383.36 285.0
388.48 283.8
393.6 281.4
397.44 279.0
403.84 275.4
409.6 271.8
416.0 267.6
421.12 263.4
424.96 259.8
428.16 255.6
430.08 252.0
432.0 246.6
435.2 241.8
439.68 229.8
441.6 223.2
443.52 216.0
444.8 210.60000000000002
445.44 205.8
445.44 202.2
445.44 198.0
445.44 195.60000000000002
445.44 192.60000000000002
445.44 190.8
445.44 188.39999999999998
443.52 186.60000000000002
441.6 184.2
439.68 181.2
437.12 178.2
433.28 175.8
429.44 173.39999999999998
424.32 172.2
417.92 169.8
412.8 169.2
405.76 167.39999999999998
398.72 166.2
389.12 166.2
380.16 166.2
370.56 165.60000000000002
360.32 165.60000000000002
351.36 165.60000000000002
341.12 165.60000000000002
332.8 165.60000000000002
324.48 166.8
316.8 169.2
309.12 170.39999999999998
304.0 173.39999999999998
298.24 176.39999999999998
288.0 181.8
284.8 184.8
281.6 188.39999999999998
277.76 192.0
275.84 195.60000000000002
273.28 199.8
271.36 203.39999999999998
269.44 207.0
268.16 210.0
267.52 211.8
267.52 212.39999999999998
267.52 213.0
266.24 213.0
266.24 213.60000000000002

165.76 222.60000000000002
165.76 220.2
165.76 217.2
165.76 214.2
165.76 211.8
165.76 205.8
165.76 205.8
165.76 204.60000000000002
165.76 202.2
165.76 201.60000000000002
165.76 201.0

180.48 207.0
181.12 207.0
183.68 207.0
184.32 206.39999999999998
187.52 205.2
190.72 202.8
193.92 201.0
195.84 198.60000000000002
199.04 196.2
200.96 195.60000000000002
202.88 193.8
204.16 192.60000000000002
204.16 191.39999999999998
204.8 190.8
206.08 190.2
206.72 190.2
208.0 190.2
209.92 190.2

224.64 192.60000000000002
225.28 192.60000000000002
226.56 192.60000000000002
227.2 192.60000000000002
228.48 192.60000000000002
229.76 191.39999999999998
229.76 190.8
230.4 190.2
232.32 187.2
232.32 187.2
232.32 184.8
233.6 184.8
233.6 184.2

237.44 181.2
240.0 180.60000000000002
240.64 179.39999999999998
242.56 177.60000000000002
245.12 175.8
247.04 173.39999999999998
250.24 172.2
250.88 170.39999999999998
255.36 167.39999999999998
257.28 166.2
260.48 165.0
262.4 162.0
264.32 160.2
266.24 158.39999999999998
269.44 156.0
273.28 154.8
278.4 152.39999999999998

322.56 150.60000000000002
323.84 150.60000000000002
324.48 150.60000000000002
325.76 150.60000000000002
325.76 149.39999999999998
327.04 149.39999999999998
328.96 148.2
329.6 148.2
330.88 147.60000000000002
332.16 147.0
332.8 145.8
334.08 145.8
334.08 145.2
334.72 145.2
336.0 145.2
337.28 145.2
337.92 145.2
341.12 145.2
343.04 145.2
346.24 145.2
348.16 145.2
350.08 145.2
353.28 144.60000000000002
355.2 144.0
359.68 143.39999999999998
362.88 142.2
366.72 141.0
371.84 139.8
376.96 137.39999999999998
380.8 135.0
385.92 133.8
390.4 132.60000000000002
392.32 130.8
393.6 130.2
394.24 130.2
394.24 129.60000000000002
395.52 129.60000000000002
396.16 129.0
397.44 129.0
399.36 129.0
401.28 127.80000000000001
403.84 127.80000000000001
406.4 127.80000000000001

441.6 144.60000000000002
442.24 144.60000000000002
442.24 144.0
443.52 141.60000000000002
443.52 141.0
443.52 138.60000000000002
443.52 137.39999999999998
443.52 135.0
441.6 133.2
438.4 130.8
434.56 129.0
431.36 126.60000000000002
421.76 123.60000000000002
412.8 121.80000000000001
398.72 119.39999999999998
378.88 116.39999999999998
360.32 115.19999999999999
334.72 112.19999999999999
310.4 108.60000000000002
288.64 105.60000000000002
268.16 101.39999999999998
250.88 97.80000000000001
234.88 94.19999999999999
221.44 91.80000000000001
209.28 90.0
195.84 88.19999999999999
185.6 87.60000000000002
174.08 87.0
163.84 87.0
155.52 87.60000000000002
146.56 89.39999999999998
137.6 91.80000000000001
129.92 94.19999999999999
122.88 97.19999999999999
117.12 99.0
110.72 101.39999999999998
105.6 103.80000000000001
99.2 106.19999999999999
97.28 107.39999999999998
96.64 108.0
95.36 108.60000000000002
93.44 109.80000000000001
91.52 112.19999999999999
88.96 114.60000000000002
86.4 119.39999999999998
83.2 125.39999999999998
80.0 131.39999999999998

72.96 158.39999999999998
71.68 160.2
71.68 162.0
71.68 163.2
72.96 163.8
72.96 165.0
73.6 165.60000000000002
74.88 165.60000000000002
76.16 165.60000000000002
76.8 165.60000000000002
78.72 165.0
81.92 162.60000000000002
86.4 159.60000000000002
88.32 155.39999999999998
91.52 151.8
94.08 147.60000000000002
96.64 144.0
98.56 141.0
100.48 137.39999999999998
103.68 134.39999999999998
106.88 130.8
109.44 129.0
113.92 125.39999999999998
117.12 123.0
119.68 120.0
124.16 118.19999999999999
127.36 115.80000000000001
134.4 112.80000000000001
142.72 111.60000000000002
150.4 109.80000000000001
160.0 109.19999999999999
168.32 109.19999999999999
175.36 109.19999999999999
183.68 109.19999999999999
189.44 111.0
196.48 111.60000000000002
200.96 112.19999999999999
204.8 113.39999999999998
208.0 113.39999999999998
209.28 114.60000000000002


323.84 297.0
323.84 295.8
323.84 293.4
322.56 292.2
322.56 289.8
322.56 285.6
323.84 280.8
325.76 274.8
329.6 267.6
336.0 260.4
341.12 252.6
347.52 246.0
354.56 240.6
361.6 237.0
368.64 233.4
375.04 231.6
382.08 230.4
398.72 229.8
398.72 229.8
406.4 231.6
416.0 235.2
424.96 239.4
434.56 246.0
443.52 253.2
455.04 262.2
465.28 271.2
474.24 280.8
481.28 288.6
485.76 294.6
488.32 299.4
489.6 302.4
490.88 304.2
490.88 305.4

384.0 340.2
384.0 339.6
382.08 339.0
380.8 339.0
380.16 339.0
378.88 339.0
378.24 340.2
376.96 342.6
375.68 346.2
375.04 350.4
375.04 356.4
375.04 360.0
375.04 363.6
375.68 365.4
378.24 367.2
380.8 369.0
380.8 369.0
385.92 370.2
385.92 370.2
388.48 370.2
389.12 370.2
390.4 370.2
391.04 370.2
392.32 370.2
394.24 368.4
397.44 365.4
400.64 361.8
402.56 357.6
405.76 354.0
406.4 349.8
406.4 345.6
407.68 341.4
408.96 336.0
408.96 332.4
408.96 328.8
407.68 325.2
406.4 322.2
401.28 316.2
399.36 313.8
395.52 310.8
394.24 310.2
393.6 310.2
392.32 309.6
391.04 309.6
390.4 309.6
389.12 310.2
387.2 311.4
384.0 313.8
380.8 318.0
378.24 322.2
375.68 327.0
371.84 331.2
369.92 335.4
368.0 339.6
366.72 342.0
365.44 346.2
364.8 348.6
364.8 349.2
364.8 350.4
364.8 352.2
364.8 352.8
364.8 353.4
365.44 354.0
365.44 354.6
365.44 355.8

376.96 360.0
375.68 360.6
375.04 361.2
373.12 361.2
370.56 361.8
368.0 361.8
364.8 363.0
361.6 363.0
356.48 363.0
351.36 363.0
344.96 363.0
339.84 363.0
334.08 361.2
328.96 360.0
321.92 357.0
314.24 354.0
300.16 346.8
288.64 339.0
284.8 334.2
281.6 330.6
278.4 325.2
277.76 320.4
276.48 316.2
276.48 310.2
278.4 305.4
282.88 298.8
288.0 292.8
293.12 287.4
300.16 282.0
307.2 278.4
314.24 275.4
321.92 274.2
328.96 273.0
334.72 273.0
339.84 271.8
346.24 271.8
351.36 271.8
357.76 273.0
369.92 274.8
376.96 277.8
383.36 280.2
389.12 282.0
395.52 285.0
401.28 288.0
407.68 291.6
411.52 294.6
414.72 297.0
416.64 299.4
417.92 302.4
419.2 305.4
419.84 306.6
421.12 309.0
421.12 310.8
421.12 312.6
419.84 315.0
419.2 316.8
417.92 318.0
416.64 319.8
416.0 320.4
414.72 321.0
414.08 321.6

402.56 328.2
400.64 328.8

325.76 363.0
324.48 363.6
323.84 364.8
323.84 366.6
322.56 368.4
321.92 372.6
320.64 378.0
320.64 383.4
319.36 390.0
317.44 394.2
316.8 399.6
316.8 403.8
316.8 408.0
316.8 411.6
316.8 414.0
316.8 415.2
316.8 417.0
316.8 417.6
316.8 418.2
316.8 418.8
317.44 419.4
318.72 419.4
319.36 419.4
327.68 415.8
332.16 413.4
337.28 409.8
344.96 406.2
353.28 400.8
360.32 396.6
368.0 393.0
371.84 390.0
376.96 385.2
378.88 383.4
380.16 381.6
380.8 379.2
384.0 375.6
385.92 371.4
389.12 367.2
390.4 364.2
392.32 361.2
392.32 360.0
392.32 359.4

296.32 437.4
300.16 433.8
303.36 429.6
305.28 426.6
308.48 424.2
308.48 421.8
309.12 421.2
309.12 420.6

329.6 444.6
330.88 444.0
332.16 443.4
334.08 442.2
334.72 441.0
336.0 439.8
337.28 439.2

350.08 444.0
352.64 444.0
356.48 442.2
362.88 437.4
368.0 433.8
371.84 430.2
375.04 428.4


